            36936936936936936                     
            36936936936936936                     
            369369369369369369                    
           36936936936936933693                   
          3693693693693693693693                  
         369369369369369369369369                 
         3693693693693693693693699                
        3693693693693693693693699369              
       36936939693693693693693693693693           
     3693693693693693693693693693693636936        
   36936936936936936936936936936   369369369      
  36936   369336936369369369369        36936      
 36936   36936 369369336936936  LL  LL            
36933   36936  36936   3693636 LLLLLLLL           
693    36936  36936     369363 LLLLLLLL           
      36936  36936      369369  LLLLLL            
     36936   36936       36936   LLLL             
     36936   36936        36936   LL              
     36936   36936         36936   11,            
      369    36936          369   11,             
              369                11,              
                               11,                
                             11,                  
                           11,                    
                        OOO OOO                   
                       OOOOOOOOO                  
                       OOOOOOOOO                  
                        OOOOOOO                   
                         OOOOO                    
                          OOO                     
                           O 11,                  
                                11,               
                                  11,             
              369                   11,           
      369    36936          369     11,           
     36936   36936         36936   11,            
     36936   36936        36936   11,             
     36936   36936       36936   11,              
      36936  36936      369369  VV VV             
693    36936  36936     369363 VVVVVVV            
36933   36936  36936   3693636 VVVVVVV            
 36936   36936 369369336936936  VVVVV             
  36936   369336936369369369369  VVV  3696        
   36936936936936936936936936936  V 336939        
     36936936936936936936936936936936936          
       369369396936936936936936693693             
        36936936936936936936999369                
         36936936936936936933699                  
         3693693693693693369369                   
          36936936936936993693                    
           369369369369333693                     
            3693693693699369                      
            369369369366936                       
            36936936936693                         